{
	"asset": {
		"generator": "SOLIDWORKSGLTF",
		"version" : "2.0"
	},
"extensionsUsed": [ "KHR_lights_punctual", "Solidworks_custom_properties", "KHR_draco_mesh_compression"],
"extensionsRequired": [ "KHR_draco_mesh_compression" ],
	"scene" : 0,
	"scenes": [
		{
			"name": "默认 - 默认_显示状态-1",
			"nodes": [
				0, 1]
		}
	],
	"nodes": [
		{
			"matrix": [
				-0.98041,					0.00814458,					0.196798,					0,
				0.124097,					0.80144,					0.585059,					0,
				-0.152957,					0.598019,					-0.786751,					0,
				-0.47278,					3.5984,					-4.65552,					1
			]
			,"camera": 0
			,"name": "current"		}
,
		{
			"children": [
				2, 3, 4, 5, 6, 7, 8, 9, 10, 11, 12, 13, 14, 15, 16, 17, 18, 19, 20, 21, 22, 23, 24, 25, 26, 27, 28, 29, 30, 31, 32, 33, 34, 35, 36, 37, 38, 39, 40, 41, 42, 43, 44, 45, 46, 47, 48, 49, 50, 51, 52, 53, 54, 55, 56, 57, 58, 59, 60, 61, 62, 63, 64, 65, 66, 67, 68, 69, 70, 71, 72, 73, 74, 75, 76, 77, 78, 79, 80, 81, 82, 83, 84, 85, 86, 87, 88, 89, 90, 91, 92, 93, 94, 95, 96, 97, 98, 99, 100, 101, 102
			]
			,"name": "总装配体"		}
,
		{
			"matrix": [
				0.951303,					0.308258,					-5.83312e-16,					0,
				-6.10585e-16,					-7.98435e-18,					-1,					0,
				-0.308258,					0.951303,					1.80622e-16,					0,
				0.125,					3.75313e-15,					0.00623761,					1
			]
			,"mesh": 0
			,"name": "中间轴套-22.5-1"		}
,
		{
			"matrix": [
				2.77556e-17,					-2.22045e-16,					1,					0,
				-0.992491,					0.122319,					5.47074e-17,					0,
				-0.122319,					-0.992491,					-2.16982e-16,					0,
				4.81045e-16,					-3.88969e-16,					-0.0285,					1
			]
			,"mesh": 1
			,"name": "deep groove ball bearings gb-1"		}
,
		{
			"matrix": [
				-4.91145e-16,					-9.94558e-16,					1,					0,
				0.774682,					-0.632351,					-2.48429e-16,					0,
				0.632351,					0.774682,					1.08104e-15,					0,
				0.25471,					0.0215354,					0.0835,					1
			]
			,"mesh": 2
			,"name": "16-10-63-1"		}
,
		{
			"matrix": [
				-8.49187e-17,					-4.85149e-16,					1,					0,
				-0.774682,					0.632351,					2.41e-16,					0,
				-0.632351,					-0.774682,					-4.29535e-16,					0,
				0.2795,					0.00130015,					0.07,					1
			]
			,"mesh": 3
			,"name": "低速轴-大齿轮-2"		}
,
		{
			"matrix": [
				-9.3124e-16,					-1.06199e-15,					1,					0,
				-0.226439,					0.974025,					8.23539e-16,					0,
				-0.974025,					-0.226439,					-1.14753e-15,					0,
				0.125,					3.5195e-15,					0.0025,					1
			]
			,"mesh": 4
			,"name": "高速轴-大齿轮-2"		}
,
		{
			"matrix": [
				-2.46735e-16,					-9.93631e-16,					1,					0,
				-0.226439,					0.974025,					9.11952e-16,					0,
				-0.974025,					-0.226439,					-4.65322e-16,					0,
				0.125,					3.55468e-15,					-0.037,					1
			]
			,"mesh": 5
			,"name": "中间轴-1"		}
,
		{
			"matrix": [
				2.04174e-16,					8.92966e-16,					-1,					0,
				0.226439,					-0.974025,					-8.23539e-16,					0,
				-0.974025,					-0.226439,					-4.01073e-16,					0,
				0.119679,					0.0228896,					0.0415,					1
			]
			,"mesh": 6
			,"name": "12-8-40-1"		}
,
		{
			"matrix": [
				-0.871312,					0.49073,					0,					0,
				-4.74708e-17,					-8.42864e-17,					1,					0,
				0.49073,					0.871312,					9.6735e-17,					0,
				-8.59153e-17,					-1.20035e-16,					0.15008,					1
			]
			,"mesh": 7
			,"name": "高速轴轴套-2"		}
,
		{
			"matrix": [
				-1.38778e-16,					2.91434e-16,					-1,					0,
				0.00513179,					0.999987,					2.90718e-16,					0,
				0.999987,					-0.00513179,					-1.40272e-16,					0,
				2.76879e-16,					-5.82289e-16,					0.176,					1
			]
			,"mesh": 8
			,"name": "deep groove ball bearings gb-2"		}
,
		{
			"matrix": [
				0.781587,					-0.623796,					-5.55112e-17,					0,
				-1.76245e-17,					6.69066e-17,					-1,					0,
				0.623796,					0.781587,					4.12993e-17,					0,
				0.00245985,					-0.00516075,					-0.00258011,					1
			]
			,"mesh": 9
			,"name": "高速轴轴套-1"		}
,
		{
			"matrix": [
				1.31912e-15,					1.73314e-15,					-1,					0,
				0.368923,					0.92946,					2.09754e-15,					0,
				0.92946,					-0.368923,					5.86676e-16,					0,
				0.125,					3.53737e-15,					-0.0285,					1
			]
			,"mesh": 10
			,"name": "deep groove ball bearings gb-3"		}
,
		{
			"matrix": [
				4.16102e-17,					6.65898e-16,					-1,					0,
				-0.774682,					0.632351,					3.88847e-16,					0,
				0.632351,					0.774682,					5.42172e-16,					0,
				0.2795,					0.00130015,					0.1875,					1
			]
			,"mesh": 11
			,"name": "低速轴-1"		}
,
		{
			"matrix": [
				9.41738e-16,					9.1124e-16,					-1,					0,
				-0.70957,					0.704635,					-2.61372e-17,					0,
				0.704635,					0.70957,					1.31017e-15,					0,
				3.8673e-16,					-4.82232e-16,					0.055,					1
			]
			,"mesh": 12
			,"name": "高速轴-2"		}
,
		{
			"matrix": [
				-5.43696e-16,					-1.0873e-15,					1,					0,
				-0.226439,					0.974025,					9.35941e-16,					0,
				-0.974025,					-0.226439,					-7.75779e-16,					0,
				0.125,					3.45199e-15,					0.0675,					1
			]
			,"mesh": 13
			,"name": "低速轴-小齿轮-2"		}
,
		{
			"matrix": [
				-2.49139e-16,					-5.28431e-16,					1,					0,
				5.28431e-16,					1,					5.28431e-16,					0,
				-1,					5.28431e-16,					-2.49139e-16,					0,
				0.2795,					0.00130015,					0.1775,					1
			]
			,"mesh": 14
			,"name": "deep groove ball bearings gb-8"		}
,
		{
			"matrix": [
				-2.49139e-16,					-5.28431e-16,					1,					0,
				5.28431e-16,					1,					5.28431e-16,					0,
				-1,					5.28431e-16,					-2.49139e-16,					0,
				0.2795,					0.00130015,					-0.03,					1
			]
			,"mesh": 15
			,"name": "deep groove ball bearings gb-9"		}
,
		{
			"matrix": [
				1,					-1.34304e-15,					1.34304e-15,					0,
				1.34304e-15,					1.61303e-15,					-1,					0,
				1.34304e-15,					1,					1.61303e-15,					0,
				0.125,					-2.63505e-16,					0.177981,					1
			]
			,"mesh": 16
			,"name": "中间轴套-20-2"		}
,
		{
			"matrix": [
				-5.22671e-05,					-1,					0,					0,
				0,					0,					1,					0,
				-1,					5.22671e-05,					0,					0,
				0.125,					1.70004e-06,					-0.0787042,					1
			]
			,"mesh": 17
			,"name": "中速轴端盖-闷盖-3"		}
,
		{
			"matrix": [
				1,					-4.3714e-05,					0,					0,
				0,					0,					-1,					0,
				4.3714e-05,					1,					0,					0,
				0.2795,					1.70004e-06,					0.222544,					1
			]
			,"mesh": 18
			,"name": "低速轴端盖-闷盖-2"		}
,
		{
			"matrix": [
				1,					-4.3714e-05,					0,					0,
				0,					0,					-1,					0,
				4.3714e-05,					1,					0,					0,
				0.2795,					1.70004e-06,					-0.0261939,					1
			]
			,"mesh": 19
			,"name": "低速轴端盖-透盖-2"		}
,
		{
			"matrix": [
				1,					0,					0,					0,
				0,					1,					0,					0,
				0,					0,					1,					0,
				0.157809,					-2.28983e-16,					0.05775,					1
			]
			,"mesh": 20
			,"name": "上箱体1-2"		}
,
		{
			"matrix": [
				0.991609,					0.129273,					-1.38778e-16,					0,
				-1.38135e-16,					-1.39429e-17,					-1,					0,
				-0.129273,					0.991609,					4.03114e-18,					0,
				0.109049,					0.123502,					0.07575,					1
			]
			,"mesh": 21
			,"name": "窥视盖-1"		}
,
		{
			"matrix": [
				0.0382488,					0.00498636,					-0.999256,					0,
				-0.129273,					0.991609,					1.59513e-16,					0,
				0.990871,					0.129176,					0.0385725,					0,
				0.111118,					0.107636,					0.07575,					1
			]
			,"mesh": 22
			,"name": "通气孔-1"		}
,
		{
			"matrix": [
				8.92618e-17,					-0.97516,					0.221502,					0,
				1,					-1.4181e-30,					-4.02985e-16,					0,
				3.92975e-16,					0.221502,					0.97516,					0,
				0.394935,					-0.141,					0.07575,					1
			]
			,"mesh": 23
			,"name": "放油螺塞-1"		}
,
		{
			"matrix": [
				1.31912e-15,					1.73314e-15,					-1,					0,
				0.164984,					0.986296,					1.92702e-15,					0,
				0.986296,					-0.164984,					1.0151e-15,					0,
				0.125,					-5.76219e-16,					0.176,					1
			]
			,"mesh": 24
			,"name": "deep groove ball bearings gb-7"		}
,
		{
			"matrix": [
				-5.22671e-05,					-1,					0,					0,
				0,					0,					-1,					0,
				1,					-5.22671e-05,					0,					0,
				0.125,					1.70004e-06,					0.230204,					1
			]
			,"mesh": 25
			,"name": "中速轴端盖-闷盖-4"		}
,
		{
			"matrix": [
				-5.22671e-05,					-1,					-6.02791e-18,					0,
				1.35901e-19,					6.0279e-18,					-1,					0,
				1,					-5.22671e-05,					1.35586e-19,					0,
				1.33286e-10,					1.70004e-06,					0.230204,					1
			]
			,"mesh": 26
			,"name": "高速轴端盖-闷盖-2"		}
,
		{
			"matrix": [
				0,					-1,					0,					0,
				0.837169,					0,					0.546944,					0,
				-0.546944,					0,					0.837169,					0,
				-0.0560008,					0.04962,					0.1875,					1
			]
			,"mesh": 27
			,"name": "M14-1"		}
,
		{
			"matrix": [
				0.705913,					-0.705913,					0.0580892,					0,
				0.707107,					0.707107,					1.77587e-15,					0,
				-0.0410753,					0.0410753,					0.998311,					0,
				0.36688,					-0.137647,					0.07575,					1
			]
			,"mesh": 28
			,"name": "油标-1"		}
,
		{
			"matrix": [
				1,					2.49139e-16,					2.49139e-16,					0,
				-2.49139e-16,					-5.28431e-16,					1,					0,
				2.49139e-16,					-1,					-5.28431e-16,					0,
				0.2795,					0.00130015,					0.14327,					1
			]
			,"mesh": 29
			,"name": "低速轴套-22.5-4"		}
,
		{
			"matrix": [
				1,					0,					0,					0,
				0,					1,					0,					0,
				0,					0,					1,					0,
				0.157816,					-0.173,					0.07575,					1
			]
			,"mesh": 30
			,"name": "下箱体1-2"		}
,
		{
			"matrix": [
				-5.22671e-05,					-1,					0,					0,
				0,					0,					-1,					0,
				1,					-5.22671e-05,					0,					0,
				4.44275e-11,					1.70004e-06,					-0.0157608,					1
			]
			,"mesh": 31
			,"name": "高速轴端盖-透盖-2"		}
,
		{
			"matrix": [
				1.16797e-16,					9.30034e-16,					-1,					0,
				0.226439,					-0.974025,					-8.7943e-16,					0,
				-0.974025,					-0.226439,					-3.24359e-16,					0,
				0.119679,					0.0228896,					0.1365,					1
			]
			,"mesh": 32
			,"name": "12-8-70-2"		}
,
		{
			"matrix": [
				0.989742,					-0.14287,					1.71087e-16,					0,
				-2.49139e-16,					-5.28431e-16,					1,					0,
				-0.14287,					-0.989742,					-5.58604e-16,					0,
				0.2795,					0.00130015,					-0.0217302,					1
			]
			,"mesh": 33
			,"name": "低速轴套-22.5-3"		}
,
		{
			"matrix": [
				0.752283,					0,					0.658841,					0,
				0.658841,					0,					-0.752283,					0,
				0,					1,					0,					0,
				0.0624992,					-0.044,					-0.036,					1
			]
			,"mesh": 34
			,"name": "螺母M14-16"		}
,
		{
			"matrix": [
				0.996969,					2.61904e-31,					0.0778046,					0,
				0.0778046,					-3.63972e-31,					-0.996969,					0,
				-2.32792e-31,					1,					-3.83246e-31,					0,
				-0.0560008,					-0.041,					-0.036,					1
			]
			,"mesh": 35
			,"name": "plain washers for clevis pins gb-10"		}
,
		{
			"matrix": [
				0,					-1,					0,					0,
				0.837169,					0,					-0.546944,					0,
				0.546944,					0,					0.837169,					0,
				0.0624992,					0.04962,					-0.036,					1
			]
			,"mesh": 36
			,"name": "M14-16"		}
,
		{
			"matrix": [
				0,					-1,					0,					0,
				0.837169,					0,					-0.546944,					0,
				0.546944,					0,					0.837169,					0,
				0.195814,					0.04962,					-0.036,					1
			]
			,"mesh": 37
			,"name": "M14-14"		}
,
		{
			"matrix": [
				0.752283,					0,					0.658841,					0,
				0.658841,					0,					-0.752283,					0,
				0,					1,					0,					0,
				-0.0560008,					-0.044,					-0.036,					1
			]
			,"mesh": 38
			,"name": "螺母M14-17"		}
,
		{
			"matrix": [
				0.129273,					-0.991609,					-4.03114e-18,					0,
				-0.991609,					-0.129273,					2.73491e-16,					0,
				-2.71717e-16,					-3.13575e-17,					-1,					0,
				0.189739,					0.142744,					0.13825,					1
			]
			,"mesh": 39
			,"name": "M6-3"		}
,
		{
			"matrix": [
				0.129273,					-0.991609,					-4.03114e-18,					0,
				-0.991609,					-0.129273,					2.73491e-16,					0,
				-2.71717e-16,					-3.13575e-17,					-1,					0,
				0.148835,					0.137412,					0.13825,					1
			]
			,"mesh": 40
			,"name": "M6-4"		}
,
		{
			"matrix": [
				0,					-1,					0,					0,
				0.837169,					0,					-0.546944,					0,
				0.546944,					0,					0.837169,					0,
				-0.0560008,					0.04962,					-0.036,					1
			]
			,"mesh": 41
			,"name": "M14-17"		}
,
		{
			"matrix": [
				0.129273,					-0.991609,					-4.03114e-18,					0,
				0.991609,					0.129273,					-2.73491e-16,					0,
				2.71717e-16,					3.13575e-17,					1,					0,
				0.0261233,					0.121414,					0.01325,					1
			]
			,"mesh": 42
			,"name": "M6-5"		}
,
		{
			"matrix": [
				0.996969,					2.61904e-31,					0.0778046,					0,
				0.0778046,					-3.63972e-31,					-0.996969,					0,
				-2.32792e-31,					1,					-3.83246e-31,					0,
				0.195814,					-0.041,					-0.036,					1
			]
			,"mesh": 43
			,"name": "plain washers for clevis pins gb-7"		}
,
		{
			"matrix": [
				0.752283,					0,					0.658841,					0,
				0.658841,					0,					-0.752283,					0,
				0,					1,					0,					0,
				0.344499,					-0.044,					-0.036,					1
			]
			,"mesh": 44
			,"name": "螺母M14-15"		}
,
		{
			"matrix": [
				0.996969,					2.61904e-31,					0.0778046,					0,
				0.0778046,					-3.63972e-31,					-0.996969,					0,
				-2.32792e-31,					1,					-3.83246e-31,					0,
				0.0624992,					-0.041,					-0.036,					1
			]
			,"mesh": 45
			,"name": "plain washers for clevis pins gb-9"		}
,
		{
			"matrix": [
				0.996969,					2.61904e-31,					0.0778046,					0,
				0.0778046,					-3.63972e-31,					-0.996969,					0,
				-2.32792e-31,					1,					-3.83246e-31,					0,
				0.344499,					-0.041,					-0.036,					1
			]
			,"mesh": 46
			,"name": "plain washers for clevis pins gb-8"		}
,
		{
			"matrix": [
				0.752283,					0,					0.658841,					0,
				0.658841,					0,					-0.752283,					0,
				0,					1,					0,					0,
				0.195814,					-0.044,					-0.036,					1
			]
			,"mesh": 47
			,"name": "螺母M14-14"		}
,
		{
			"matrix": [
				0,					-1,					0,					0,
				0.837169,					0,					-0.546944,					0,
				0.546944,					0,					0.837169,					0,
				0.344499,					0.04962,					-0.036,					1
			]
			,"mesh": 48
			,"name": "M14-15"		}
,
		{
			"matrix": [
				1,					0,					0,					0,
				0,					0,					-1,					0,
				0,					1,					0,					0,
				-0.119369,					-0.01,					0.15075,					1
			]
			,"mesh": 49
			,"name": "垫圈10-3"		}
,
		{
			"matrix": [
				1.29534e-15,					1.85927e-15,					-1,					0,
				-0.306091,					0.952002,					1.37354e-15,					0,
				0.952002,					0.306091,					1.80228e-15,					0,
				0.318393,					0.0388909,					0.22565,					1
			]
			,"mesh": 50
			,"name": "M8-9"		}
,
		{
			"matrix": [
				1.29534e-15,					1.85927e-15,					-1,					0,
				-0.768912,					0.639355,					1.92731e-16,					0,
				0.639355,					0.768912,					2.2578e-15,					0,
				0.318389,					-0.0388909,					0.22565,					1
			]
			,"mesh": 51
			,"name": "M8-12"		}
,
		{
			"matrix": [
				0.752283,					0,					-0.658841,					0,
				0.658841,					0,					0.752283,					0,
				0,					-1,					0,					0,
				0.0624992,					-0.0568,					0.1875,					1
			]
			,"mesh": 52
			,"name": "螺母M14-11"		}
,
		{
			"matrix": [
				0.996969,					2.61904e-31,					-0.0778046,					0,
				0.0778046,					-3.63972e-31,					0.996969,					0,
				1.86313e-32,					-1,					7.10255e-33,					0,
				0.195814,					-0.044,					0.1875,					1
			]
			,"mesh": 53
			,"name": "plain washers for clevis pins gb-6"		}
,
		{
			"matrix": [
				0.996969,					2.61904e-31,					-0.0778046,					0,
				0.0778046,					-3.63972e-31,					0.996969,					0,
				1.86313e-32,					-1,					7.10255e-33,					0,
				0.0624992,					-0.044,					0.1875,					1
			]
			,"mesh": 54
			,"name": "plain washers for clevis pins gb-4"		}
,
		{
			"matrix": [
				1.29534e-15,					1.85927e-15,					-1,					0,
				-0.64541,					-0.763836,					-2.25621e-15,					0,
				-0.763836,					0.64541,					2.10563e-16,					0,
				0.0325252,					-0.0325269,					0.22565,					1
			]
			,"mesh": 55
			,"name": "M8-1"		}
,
		{
			"matrix": [
				1.29521e-15,					1.85324e-15,					-1,					0,
				-0.934135,					-0.356919,					-1.87136e-15,					0,
				-0.356919,					0.934135,					1.2689e-15,					0,
				0.0325244,					0.0325269,					0.22565,					1
			]
			,"mesh": 56
			,"name": "M8-4"		}
,
		{
			"matrix": [
				1.29534e-15,					1.85927e-15,					-1,					0,
				-0.779751,					0.62609,					1.54027e-16,					0,
				0.62609,					0.779751,					2.26077e-15,					0,
				0.240607,					-0.0388875,					0.22565,					1
			]
			,"mesh": 57
			,"name": "M8-11"		}
,
		{
			"matrix": [
				1.35901e-19,					6.0279e-18,					-1,					0,
				-0.383049,					0.923728,					5.51609e-18,					0,
				0.923728,					0.383049,					2.43452e-18,					0,
				-0.0325286,					-0.0325235,					0.22565,					1
			]
			,"mesh": 58
			,"name": "M8-2"		}
,
		{
			"matrix": [
				0.752283,					0,					-0.658841,					0,
				0.658841,					0,					0.752283,					0,
				0,					-1,					0,					0,
				0.344499,					-0.0568,					0.1875,					1
			]
			,"mesh": 59
			,"name": "螺母M14-12"		}
,
		{
			"matrix": [
				0.752283,					0,					-0.658841,					0,
				0.658841,					0,					0.752283,					0,
				0,					-1,					0,					0,
				-0.0560008,					-0.0568,					0.1875,					1
			]
			,"mesh": 60
			,"name": "螺母M14-1"		}
,
		{
			"matrix": [
				0.996969,					2.61904e-31,					-0.0778046,					0,
				0.0778046,					-3.63972e-31,					0.996969,					0,
				1.86313e-32,					-1,					7.10255e-33,					0,
				-0.0560008,					-0.044,					0.1875,					1
			]
			,"mesh": 61
			,"name": "plain washers for clevis pins gb-1"		}
,
		{
			"matrix": [
				0,					-1,					0,					0,
				0.837169,					0,					0.546944,					0,
				-0.546944,					0,					0.837169,					0,
				0.344499,					0.04962,					0.1875,					1
			]
			,"mesh": 62
			,"name": "M14-12"		}
,
		{
			"matrix": [
				0,					-1,					0,					0,
				0.837169,					0,					0.546944,					0,
				-0.546944,					0,					0.837169,					0,
				0.0624992,					0.04962,					0.1875,					1
			]
			,"mesh": 63
			,"name": "M14-11"		}
,
		{
			"matrix": [
				0.996969,					2.61904e-31,					-0.0778046,					0,
				0.0778046,					-3.63972e-31,					0.996969,					0,
				1.86313e-32,					-1,					7.10255e-33,					0,
				0.344499,					-0.044,					0.1875,					1
			]
			,"mesh": 64
			,"name": "plain washers for clevis pins gb-5"		}
,
		{
			"matrix": [
				0,					-1,					0,					0,
				0.837169,					0,					0.546944,					0,
				-0.546944,					0,					0.837169,					0,
				0.195814,					0.04962,					0.1875,					1
			]
			,"mesh": 65
			,"name": "M14-13"		}
,
		{
			"matrix": [
				0.752283,					0,					-0.658841,					0,
				0.658841,					0,					0.752283,					0,
				0,					-1,					0,					0,
				0.195814,					-0.0568,					0.1875,					1
			]
			,"mesh": 66
			,"name": "螺母M14-13"		}
,
		{
			"matrix": [
				0,					-1,					0,					0,
				0.837169,					0,					0.546944,					0,
				-0.546944,					0,					0.837169,					0,
				-0.119369,					0.01422,					0.15075,					1
			]
			,"mesh": 67
			,"name": "M10-1"		}
,
		{
			"matrix": [
				0.129273,					-0.991609,					-4.03114e-18,					0,
				0.991609,					0.129273,					-4.06525e-18,					0,
				4.55226e-18,					-3.47179e-18,					1,					0,
				0.0261233,					0.121414,					0.13825,					1
			]
			,"mesh": 68
			,"name": "M6-1"		}
,
		{
			"matrix": [
				1,					0,					0,					0,
				0,					0,					1,					0,
				0,					-1,					0,					0,
				-0.119369,					-0.0204,					0.15075,					1
			]
			,"mesh": 69
			,"name": "螺母M10-1"		}
,
		{
			"matrix": [
				0.129273,					-0.991609,					-4.03114e-18,					0,
				0.991609,					0.129273,					-4.06525e-18,					0,
				4.55226e-18,					-3.47179e-18,					1,					0,
				0.0670272,					0.126747,					0.13825,					1
			]
			,"mesh": 70
			,"name": "M6-2"		}
,
		{
			"matrix": [
				1.29534e-15,					1.85927e-15,					-1,					0,
				-0.955071,					-0.296377,					-1.78819e-15,					0,
				-0.296377,					0.955071,					1.39183e-15,					0,
				-0.0325252,					0.0325303,					0.22565,					1
			]
			,"mesh": 71
			,"name": "M8-3"		}
,
		{
			"matrix": [
				1.29534e-15,					1.85927e-15,					-1,					0,
				-0.542266,					0.840207,					8.59752e-16,					0,
				0.840207,					0.542266,					2.09658e-15,					0,
				0.240611,					0.0388943,					0.22565,					1
			]
			,"mesh": 72
			,"name": "M8-10"		}
,
		{
			"matrix": [
				1.29534e-15,					1.85927e-15,					1,					0,
				-0.955071,					-0.296377,					1.78819e-15,					0,
				0.296377,					-0.955071,					1.39183e-15,					0,
				-0.0325252,					0.0325303,					-0.07415,					1
			]
			,"mesh": 73
			,"name": "M8-18"		}
,
		{
			"matrix": [
				1.29534e-15,					1.85927e-15,					-1,					0,
				-0.955071,					-0.296377,					-1.78819e-15,					0,
				-0.296377,					0.955071,					1.39183e-15,					0,
				0.0924748,					0.0325303,					0.22565,					1
			]
			,"mesh": 74
			,"name": "M8-7"		}
,
		{
			"matrix": [
				1.29534e-15,					1.85927e-15,					1,					0,
				-0.768912,					0.639355,					-1.92731e-16,					0,
				-0.639355,					-0.768912,					2.2578e-15,					0,
				0.318389,					-0.0388909,					-0.07415,					1
			]
			,"mesh": 75
			,"name": "M8-13"		}
,
		{
			"matrix": [
				1,					0,					0,					0,
				0,					0,					-1,					0,
				0,					1,					0,					0,
				-0.119369,					-0.012,					0.00075,					1
			]
			,"mesh": 76
			,"name": "螺母M10-3"		}
,
		{
			"matrix": [
				0.129273,					-0.991609,					-4.03114e-18,					0,
				0.991609,					0.129273,					-2.73491e-16,					0,
				2.71717e-16,					3.13575e-17,					1,					0,
				0.0670272,					0.126747,					0.01325,					1
			]
			,"mesh": 77
			,"name": "M6-6"		}
,
		{
			"matrix": [
				-1,					0,					0,					0,
				0,					0,					-1,					0,
				0,					-1,					0,					0,
				0.435001,					-0.012,					0.15075,					1
			]
			,"mesh": 78
			,"name": "垫圈10-4"		}
,
		{
			"matrix": [
				1,					0,					0,					0,
				0,					0,					1,					0,
				0,					-1,					0,					0,
				-0.119369,					-0.012,					0.00075,					1
			]
			,"mesh": 79
			,"name": "垫圈10-5"		}
,
		{
			"matrix": [
				0,					-1,					0,					0,
				0.837169,					0,					-0.546944,					0,
				0.546944,					0,					0.837169,					0,
				-0.119369,					0.01422,					0.00075,					1
			]
			,"mesh": 80
			,"name": "M10-3"		}
,
		{
			"matrix": [
				1.29521e-15,					1.85324e-15,					-1,					0,
				-0.934135,					-0.356919,					-1.87136e-15,					0,
				-0.356919,					0.934135,					1.2689e-15,					0,
				0.157524,					0.0325269,					0.22565,					1
			]
			,"mesh": 81
			,"name": "M8-8"		}
,
		{
			"matrix": [
				1.29534e-15,					1.85927e-15,					-1,					0,
				-0.64541,					-0.763836,					-2.25621e-15,					0,
				-0.763836,					0.64541,					2.10563e-16,					0,
				0.157525,					-0.0325269,					0.22565,					1
			]
			,"mesh": 82
			,"name": "M8-5"		}
,
		{
			"matrix": [
				1.35901e-19,					6.0279e-18,					-1,					0,
				-0.383049,					0.923728,					5.51609e-18,					0,
				0.923728,					0.383049,					2.43452e-18,					0,
				0.0924714,					-0.0325235,					0.22565,					1
			]
			,"mesh": 83
			,"name": "M8-6"		}
,
		{
			"matrix": [
				0,					-1,					0,					0,
				-0.837169,					0,					0.546944,					0,
				-0.546944,					0,					-0.837169,					0,
				0.435001,					0.01422,					0.15075,					1
			]
			,"mesh": 84
			,"name": "M10-2"		}
,
		{
			"matrix": [
				1.29534e-15,					1.85927e-15,					1,					0,
				-0.542266,					0.840207,					-8.59752e-16,					0,
				-0.840207,					-0.542266,					2.09658e-15,					0,
				0.240611,					0.0388943,					-0.07415,					1
			]
			,"mesh": 85
			,"name": "M8-15"		}
,
		{
			"matrix": [
				-1,					0,					0,					0,
				0,					0,					-1,					0,
				0,					-1,					0,					0,
				0.435001,					-0.0204,					0.00075,					1
			]
			,"mesh": 86
			,"name": "螺母M10-4"		}
,
		{
			"matrix": [
				0.129273,					-0.991609,					-4.03114e-18,					0,
				-0.991609,					-0.129273,					4.06525e-18,					0,
				-4.55226e-18,					3.47179e-18,					-1,					0,
				0.189739,					0.142744,					0.01325,					1
			]
			,"mesh": 87
			,"name": "M6-7"		}
,
		{
			"matrix": [
				0.129273,					-0.991609,					-4.03114e-18,					0,
				-0.991609,					-0.129273,					4.06525e-18,					0,
				-4.55226e-18,					3.47179e-18,					-1,					0,
				0.148835,					0.137412,					0.01325,					1
			]
			,"mesh": 88
			,"name": "M6-8"		}
,
		{
			"matrix": [
				-1,					0,					0,					0,
				0,					0,					1,					0,
				0,					1,					0,					0,
				0.435001,					-0.012,					0.15075,					1
			]
			,"mesh": 89
			,"name": "螺母M10-2"		}
,
		{
			"matrix": [
				0,					-1,					0,					0,
				-0.837169,					0,					-0.546944,					0,
				0.546944,					0,					-0.837169,					0,
				0.435001,					0.01422,					0.00075,					1
			]
			,"mesh": 90
			,"name": "M10-4"		}
,
		{
			"matrix": [
				-1,					0,					0,					0,
				0,					0,					1,					0,
				0,					1,					0,					0,
				0.435001,					-0.01,					0.00075,					1
			]
			,"mesh": 91
			,"name": "垫圈10-6"		}
,
		{
			"matrix": [
				1.29534e-15,					1.85927e-15,					1,					0,
				-0.306091,					0.952002,					-1.37354e-15,					0,
				-0.952002,					-0.306091,					1.80228e-15,					0,
				0.318393,					0.0388909,					-0.07415,					1
			]
			,"mesh": 92
			,"name": "M8-16"		}
,
		{
			"matrix": [
				1.29534e-15,					1.85927e-15,					1,					0,
				-0.779751,					0.62609,					-1.54027e-16,					0,
				-0.62609,					-0.779751,					2.26077e-15,					0,
				0.240607,					-0.0388875,					-0.07415,					1
			]
			,"mesh": 93
			,"name": "M8-14"		}
,
		{
			"matrix": [
				1.29521e-15,					1.85324e-15,					1,					0,
				-0.934135,					-0.356919,					1.87136e-15,					0,
				0.356919,					-0.934135,					1.2689e-15,					0,
				0.0325244,					0.0325269,					-0.07415,					1
			]
			,"mesh": 94
			,"name": "M8-17"		}
,
		{
			"matrix": [
				1.29534e-15,					1.85927e-15,					1,					0,
				-0.955071,					-0.296377,					1.78819e-15,					0,
				0.296377,					-0.955071,					1.39183e-15,					0,
				0.0924748,					0.0325303,					-0.07415,					1
			]
			,"mesh": 95
			,"name": "M8-23"		}
,
		{
			"matrix": [
				1.29534e-15,					1.85927e-15,					1,					0,
				-0.64541,					-0.763836,					2.25621e-15,					0,
				0.763836,					-0.64541,					2.10563e-16,					0,
				0.0325252,					-0.0325269,					-0.07415,					1
			]
			,"mesh": 96
			,"name": "M8-20"		}
,
		{
			"matrix": [
				1.29534e-15,					1.85927e-15,					1,					0,
				-0.64541,					-0.763836,					2.25621e-15,					0,
				0.763836,					-0.64541,					2.10563e-16,					0,
				0.157525,					-0.0325269,					-0.07415,					1
			]
			,"mesh": 97
			,"name": "M8-21"		}
,
		{
			"matrix": [
				1.35901e-19,					6.0279e-18,					1,					0,
				-0.383049,					0.923728,					-5.51609e-18,					0,
				-0.923728,					-0.383049,					2.43452e-18,					0,
				-0.0325286,					-0.0325235,					-0.07415,					1
			]
			,"mesh": 98
			,"name": "M8-19"		}
,
		{
			"matrix": [
				1.29521e-15,					1.85324e-15,					1,					0,
				-0.934135,					-0.356919,					1.87136e-15,					0,
				0.356919,					-0.934135,					1.2689e-15,					0,
				0.157524,					0.0325269,					-0.07415,					1
			]
			,"mesh": 99
			,"name": "M8-24"		}
,
		{
			"matrix": [
				1.35901e-19,					6.0279e-18,					1,					0,
				-0.383049,					0.923728,					-5.51609e-18,					0,
				-0.923728,					-0.383049,					2.43452e-18,					0,
				0.0924714,					-0.0325235,					-0.07415,					1
			]
			,"mesh": 100
			,"name": "M8-22"		}
	],
	"cameras": [
		{
			"type": "orthographic",
			"orthographic" : {
				"xmag": 1,
				"ymag" : 1,
				"zfar" : 100,
				"znear" : 0.01
			}
		}
	],
	"meshes" : [
		{
			"primitives" : [
				{
					"attributes" : {
					"POSITION" : 1,
					"NORMAL" : 2,
					"TEXCOORD_0" : 3
					},
					"indices" : 0,
					"mode": 4,
					"material" : 1
					,"extensions": {
					"KHR_draco_mesh_compression": {
					"bufferView": 0,
					"attributes" : {
					"POSITION": 0,
					"NORMAL" : 1,
					"TEXCOORD_0" : 2
					}
					}
					}
				}
			]
		},
		{
			"primitives" : [
				{
					"attributes" : {
					"POSITION" : 5,
					"NORMAL" : 6,
					"TEXCOORD_0" : 7
					},
					"indices" : 4,
					"mode": 4,
					"material" : 2
					,"extensions": {
					"KHR_draco_mesh_compression": {
					"bufferView": 1,
					"attributes" : {
					"POSITION": 0,
					"NORMAL" : 1,
					"TEXCOORD_0" : 2
					}
					}
					}
				},
				{
					"attributes" : {
					"POSITION" : 9,
					"NORMAL" : 10,
					"TEXCOORD_0" : 11
					},
					"indices" : 8,
					"mode": 4,
					"material" : 2
					,"extensions": {
					"KHR_draco_mesh_compression": {
					"bufferView": 2,
					"attributes" : {
					"POSITION": 0,
					"NORMAL" : 1,
					"TEXCOORD_0" : 2
					}
					}
					}
				}
			]
		},
		{
			"primitives" : [
				{
					"attributes" : {
					"POSITION" : 13,
					"NORMAL" : 14,
					"TEXCOORD_0" : 15
					},
					"indices" : 12,
					"mode": 4,
					"material" : 3
					,"extensions": {
					"KHR_draco_mesh_compression": {
					"bufferView": 3,
					"attributes" : {
					"POSITION": 0,
					"NORMAL" : 1,
					"TEXCOORD_0" : 2
					}
					}
					}
				}
			]
		},
		{
			"primitives" : [
				{
					"attributes" : {
					"POSITION" : 17,
					"NORMAL" : 18,
					"TEXCOORD_0" : 19
					},
					"indices" : 16,
					"mode": 4,
					"material" : 4
					,"extensions": {
					"KHR_draco_mesh_compression": {
					"bufferView": 4,
					"attributes" : {
					"POSITION": 0,
					"NORMAL" : 1,
					"TEXCOORD_0" : 2
					}
					}
					}
				}
			]
		},
		{
			"primitives" : [
				{
					"attributes" : {
					"POSITION" : 21,
					"NORMAL" : 22,
					"TEXCOORD_0" : 23
					},
					"indices" : 20,
					"mode": 4,
					"material" : 5
					,"extensions": {
					"KHR_draco_mesh_compression": {
					"bufferView": 5,
					"attributes" : {
					"POSITION": 0,
					"NORMAL" : 1,
					"TEXCOORD_0" : 2
					}
					}
					}
				}
			]
		},
		{
			"primitives" : [
				{
					"attributes" : {
					"POSITION" : 25,
					"NORMAL" : 26,
					"TEXCOORD_0" : 27
					},
					"indices" : 24,
					"mode": 4,
					"material" : 6
					,"extensions": {
					"KHR_draco_mesh_compression": {
					"bufferView": 6,
					"attributes" : {
					"POSITION": 0,
					"NORMAL" : 1,
					"TEXCOORD_0" : 2
					}
					}
					}
				}
			]
		},
		{
			"primitives" : [
				{
					"attributes" : {
					"POSITION" : 29,
					"NORMAL" : 30,
					"TEXCOORD_0" : 31
					},
					"indices" : 28,
					"mode": 4,
					"material" : 7
					,"extensions": {
					"KHR_draco_mesh_compression": {
					"bufferView": 7,
					"attributes" : {
					"POSITION": 0,
					"NORMAL" : 1,
					"TEXCOORD_0" : 2
					}
					}
					}
				}
			]
		},
		{
			"primitives" : [
				{
					"attributes" : {
					"POSITION" : 33,
					"NORMAL" : 34,
					"TEXCOORD_0" : 35
					},
					"indices" : 32,
					"mode": 4,
					"material" : 8
					,"extensions": {
					"KHR_draco_mesh_compression": {
					"bufferView": 8,
					"attributes" : {
					"POSITION": 0,
					"NORMAL" : 1,
					"TEXCOORD_0" : 2
					}
					}
					}
				}
			]
		},
		{
			"primitives" : [
				{
					"attributes" : {
					"POSITION" : 37,
					"NORMAL" : 38,
					"TEXCOORD_0" : 39
					},
					"indices" : 36,
					"mode": 4,
					"material" : 2
					,"extensions": {
					"KHR_draco_mesh_compression": {
					"bufferView": 9,
					"attributes" : {
					"POSITION": 0,
					"NORMAL" : 1,
					"TEXCOORD_0" : 2
					}
					}
					}
				},
				{
					"attributes" : {
					"POSITION" : 41,
					"NORMAL" : 42,
					"TEXCOORD_0" : 43
					},
					"indices" : 40,
					"mode": 4,
					"material" : 2
					,"extensions": {
					"KHR_draco_mesh_compression": {
					"bufferView": 10,
					"attributes" : {
					"POSITION": 0,
					"NORMAL" : 1,
					"TEXCOORD_0" : 2
					}
					}
					}
				}
			]
		},
		{
			"primitives" : [
				{
					"attributes" : {
					"POSITION" : 45,
					"NORMAL" : 46,
					"TEXCOORD_0" : 47
					},
					"indices" : 44,
					"mode": 4,
					"material" : 8
					,"extensions": {
					"KHR_draco_mesh_compression": {
					"bufferView": 11,
					"attributes" : {
					"POSITION": 0,
					"NORMAL" : 1,
					"TEXCOORD_0" : 2
					}
					}
					}
				}
			]
		},
		{
			"primitives" : [
				{
					"attributes" : {
					"POSITION" : 49,
					"NORMAL" : 50,
					"TEXCOORD_0" : 51
					},
					"indices" : 48,
					"mode": 4,
					"material" : 2
					,"extensions": {
					"KHR_draco_mesh_compression": {
					"bufferView": 12,
					"attributes" : {
					"POSITION": 0,
					"NORMAL" : 1,
					"TEXCOORD_0" : 2
					}
					}
					}
				},
				{
					"attributes" : {
					"POSITION" : 53,
					"NORMAL" : 54,
					"TEXCOORD_0" : 55
					},
					"indices" : 52,
					"mode": 4,
					"material" : 2
					,"extensions": {
					"KHR_draco_mesh_compression": {
					"bufferView": 13,
					"attributes" : {
					"POSITION": 0,
					"NORMAL" : 1,
					"TEXCOORD_0" : 2
					}
					}
					}
				}
			]
		},
		{
			"primitives" : [
				{
					"attributes" : {
					"POSITION" : 57,
					"NORMAL" : 58,
					"TEXCOORD_0" : 59
					},
					"indices" : 56,
					"mode": 4,
					"material" : 9
					,"extensions": {
					"KHR_draco_mesh_compression": {
					"bufferView": 14,
					"attributes" : {
					"POSITION": 0,
					"NORMAL" : 1,
					"TEXCOORD_0" : 2
					}
					}
					}
				}
			]
		},
		{
			"primitives" : [
				{
					"attributes" : {
					"POSITION" : 61,
					"NORMAL" : 62,
					"TEXCOORD_0" : 63
					},
					"indices" : 60,
					"mode": 4,
					"material" : 10
					,"extensions": {
					"KHR_draco_mesh_compression": {
					"bufferView": 15,
					"attributes" : {
					"POSITION": 0,
					"NORMAL" : 1,
					"TEXCOORD_0" : 2
					}
					}
					}
				}
			]
		},
		{
			"primitives" : [
				{
					"attributes" : {
					"POSITION" : 65,
					"NORMAL" : 66,
					"TEXCOORD_0" : 67
					},
					"indices" : 64,
					"mode": 4,
					"material" : 11
					,"extensions": {
					"KHR_draco_mesh_compression": {
					"bufferView": 16,
					"attributes" : {
					"POSITION": 0,
					"NORMAL" : 1,
					"TEXCOORD_0" : 2
					}
					}
					}
				}
			]
		},
		{
			"primitives" : [
				{
					"attributes" : {
					"POSITION" : 69,
					"NORMAL" : 70,
					"TEXCOORD_0" : 71
					},
					"indices" : 68,
					"mode": 4,
					"material" : 2
					,"extensions": {
					"KHR_draco_mesh_compression": {
					"bufferView": 17,
					"attributes" : {
					"POSITION": 0,
					"NORMAL" : 1,
					"TEXCOORD_0" : 2
					}
					}
					}
				},
				{
					"attributes" : {
					"POSITION" : 73,
					"NORMAL" : 74,
					"TEXCOORD_0" : 75
					},
					"indices" : 72,
					"mode": 4,
					"material" : 2
					,"extensions": {
					"KHR_draco_mesh_compression": {
					"bufferView": 18,
					"attributes" : {
					"POSITION": 0,
					"NORMAL" : 1,
					"TEXCOORD_0" : 2
					}
					}
					}
				}
			]
		},
		{
			"primitives" : [
				{
					"attributes" : {
					"POSITION" : 77,
					"NORMAL" : 78,
					"TEXCOORD_0" : 79
					},
					"indices" : 76,
					"mode": 4,
					"material" : 2
					,"extensions": {
					"KHR_draco_mesh_compression": {
					"bufferView": 19,
					"attributes" : {
					"POSITION": 0,
					"NORMAL" : 1,
					"TEXCOORD_0" : 2
					}
					}
					}
				},
				{
					"attributes" : {
					"POSITION" : 81,
					"NORMAL" : 82,
					"TEXCOORD_0" : 83
					},
					"indices" : 80,
					"mode": 4,
					"material" : 2
					,"extensions": {
					"KHR_draco_mesh_compression": {
					"bufferView": 20,
					"attributes" : {
					"POSITION": 0,
					"NORMAL" : 1,
					"TEXCOORD_0" : 2
					}
					}
					}
				}
			]
		},
		{
			"primitives" : [
				{
					"attributes" : {
					"POSITION" : 85,
					"NORMAL" : 86,
					"TEXCOORD_0" : 87
					},
					"indices" : 84,
					"mode": 4,
					"material" : 12
					,"extensions": {
					"KHR_draco_mesh_compression": {
					"bufferView": 21,
					"attributes" : {
					"POSITION": 0,
					"NORMAL" : 1,
					"TEXCOORD_0" : 2
					}
					}
					}
				}
			]
		},
		{
			"primitives" : [
				{
					"attributes" : {
					"POSITION" : 89,
					"NORMAL" : 90,
					"TEXCOORD_0" : 91
					},
					"indices" : 88,
					"mode": 4,
					"material" : 13
					,"extensions": {
					"KHR_draco_mesh_compression": {
					"bufferView": 22,
					"attributes" : {
					"POSITION": 0,
					"NORMAL" : 1,
					"TEXCOORD_0" : 2
					}
					}
					}
				}
			]
		},
		{
			"primitives" : [
				{
					"attributes" : {
					"POSITION" : 93,
					"NORMAL" : 94,
					"TEXCOORD_0" : 95
					},
					"indices" : 92,
					"mode": 4,
					"material" : 14
					,"extensions": {
					"KHR_draco_mesh_compression": {
					"bufferView": 23,
					"attributes" : {
					"POSITION": 0,
					"NORMAL" : 1,
					"TEXCOORD_0" : 2
					}
					}
					}
				}
			]
		},
		{
			"primitives" : [
				{
					"attributes" : {
					"POSITION" : 97,
					"NORMAL" : 98,
					"TEXCOORD_0" : 99
					},
					"indices" : 96,
					"mode": 4,
					"material" : 15
					,"extensions": {
					"KHR_draco_mesh_compression": {
					"bufferView": 24,
					"attributes" : {
					"POSITION": 0,
					"NORMAL" : 1,
					"TEXCOORD_0" : 2
					}
					}
					}
				}
			]
		},
		{
			"primitives" : [
				{
					"attributes" : {
					"POSITION" : 101,
					"NORMAL" : 102,
					"TEXCOORD_0" : 103
					},
					"indices" : 100,
					"mode": 4,
					"material" : 16
					,"extensions": {
					"KHR_draco_mesh_compression": {
					"bufferView": 25,
					"attributes" : {
					"POSITION": 0,
					"NORMAL" : 1,
					"TEXCOORD_0" : 2
					}
					}
					}
				}
			]
		},
		{
			"primitives" : [
				{
					"attributes" : {
					"POSITION" : 105,
					"NORMAL" : 106,
					"TEXCOORD_0" : 107
					},
					"indices" : 104,
					"mode": 4,
					"material" : 17
					,"extensions": {
					"KHR_draco_mesh_compression": {
					"bufferView": 26,
					"attributes" : {
					"POSITION": 0,
					"NORMAL" : 1,
					"TEXCOORD_0" : 2
					}
					}
					}
				}
			]
		},
		{
			"primitives" : [
				{
					"attributes" : {
					"POSITION" : 109,
					"NORMAL" : 110,
					"TEXCOORD_0" : 111
					},
					"indices" : 108,
					"mode": 4,
					"material" : 18
					,"extensions": {
					"KHR_draco_mesh_compression": {
					"bufferView": 27,
					"attributes" : {
					"POSITION": 0,
					"NORMAL" : 1,
					"TEXCOORD_0" : 2
					}
					}
					}
				}
			]
		},
		{
			"primitives" : [
				{
					"attributes" : {
					"POSITION" : 113,
					"NORMAL" : 114,
					"TEXCOORD_0" : 115
					},
					"indices" : 112,
					"mode": 4,
					"material" : 19
					,"extensions": {
					"KHR_draco_mesh_compression": {
					"bufferView": 28,
					"attributes" : {
					"POSITION": 0,
					"NORMAL" : 1,
					"TEXCOORD_0" : 2
					}
					}
					}
				}
			]
		},
		{
			"primitives" : [
				{
					"attributes" : {
					"POSITION" : 117,
					"NORMAL" : 118,
					"TEXCOORD_0" : 119
					},
					"indices" : 116,
					"mode": 4,
					"material" : 2
					,"extensions": {
					"KHR_draco_mesh_compression": {
					"bufferView": 29,
					"attributes" : {
					"POSITION": 0,
					"NORMAL" : 1,
					"TEXCOORD_0" : 2
					}
					}
					}
				},
				{
					"attributes" : {
